eps = 1
min-pts = 6
ncluster = 5
outliers = 3
min-eps = 2

1 39.93192184828643 8.840789775313274
2 13.729289558578515 50.494018482272125
3 46.3272566637465 13.246562613609616
4 28.016355591272628 19.20284723540186
5 28.432354317551876 19.65071759930339
6 28.180972376181803 18.83424462099297
7 28.060427606106295 19.018003983026162
8 27.59107428172236 18.56741926513546
9 27.500894750103836 18.36742417202394
10 28.802352392280653 19.808185263511017
11 28.430533147867454 19.621746309397015
12 29.18867314837271 20.210022364116504
13 29.30232701477323 19.175418689105
14 28.080581148249948 18.912181164233825
15 28.52830377879321 19.835145265535232
16 28.827096456966444 18.743565375788254
17 27.49237475540251 19.542719523028307
18 27.561968009959518 19.600179522821932
19 27.649413641641587 19.213508106611677
20 27.585643844757133 19.454370472824998
21 27.341980647084256 19.015016575212695
22 27.90692045506907 19.565632533073586
23 28.148259705764286 19.18008732501691
24 28.131176489891548 20.09271586206331
25 27.818113077360042 19.831356243087452
26 27.91909959669082 19.815876956840928
27 27.9140986166588 20.283030818854105
28 28.07155908607143 19.48651838236464
29 27.883606567004207 20.683417626505417
30 26.9459215954265 20.090371110829594
31 27.129446995352446 19.43868331664673
32 28.892190210425845 19.668217757519166
33 29.4397400853943 18.928363485287743
34 29.849245332306797 19.823097151526497
35 29.2957365513894 20.109450490245923
36 28.34889443758845 20.253247035727707
37 28.762795456642497 19.915432951337102
38 28.68389045957897 19.643587816057163
39 23.930748833012213 34.76039888434905
40 24.743819928625364 34.69866013766526
41 24.792044263809938 35.0635541239097
42 24.26720567182305 34.18531192508591
43 24.83727703970415 34.77888843775498
44 24.38496258749352 34.60842563875777
45 23.991474333738697 35.07330281329595
46 24.846998430705394 34.59862306744541
47 25.03314595575956 34.64419908283945
48 25.213852558946616 34.2825048760406
49 25.415336026926468 34.28533374903465
50 24.10795437134475 35.12785666692516
51 24.47929076883664 33.700349566632525
52 24.130273942727104 34.55172218796645
53 24.505932162175476 34.595702076386196
54 24.928503544977588 34.798003878767084
55 25.407890220465216 34.204054148238555
56 25.180251602232453 34.7779388433474
57 24.186024060649 34.76641875727317
58 25.428188393566753 34.60516662423308
59 25.14018632777373 34.046653781148926
60 24.205086280614324 35.34301995641362
61 24.671739514224818 34.99552195050878
62 24.42232782704046 35.359461618366446
63 23.861709659457656 34.75887374812987
64 24.38556412846597 35.09279644771943
65 24.139471535888696 34.57649217734051
66 25.15131006169484 35.457829192440606
67 32.59533229352937 23.405165366925715
68 32.39935116402183 23.015863884473646
69 32.14871662069786 23.661911682492956
70 32.45714627595448 23.00755391574902
71 31.671340383367323 23.779172630165217
72 31.876058855779597 23.982928702206298
73 33.17163831251686 24.109100307528912
74 32.91275902908995 22.465743609193186
75 32.609686285674925 23.26045356372125
76 33.46391832788979 23.111790882301875
77 33.90156236686717 22.58714605540743
78 33.180110567765674 23.427586889277812
79 33.27223751832969 22.4898135988117
80 31.960452927132103 22.254847062148418
81 33.016191126132284 23.47171625872761
82 32.630740480101245 23.175696166737882
83 32.0236217965728 23.499166884594636
84 33.86792868770385 23.26826168448251
85 33.31738531905637 23.279961966028175
86 32.24272939143355 24.02730168338757
87 32.612423460512574 23.714774232188315
88 32.33009828605604 23.337387164663237
89 33.17054824993546 23.851331642743972
90 32.78546005477519 22.55859510797129
91 33.256373263163916 23.59153884010906
92 32.84574271901223 22.748919334013603
93 33.0011782837368 23.40914991152819
94 32.165890368987625 24.189909750002677
95 5.422121092018295 42.66997669124019
96 4.771433633862551 42.097966077400066
97 5.578454379123312 42.58331689233765
98 5.427901097603529 42.36363245985063
99 6.2261553453364655 42.89754015681483
100 4.943204379921952 42.38577858185576
101 5.62436020202826 42.51598630460965
102 18.1556112937242 29.821847154817064
103 18.15885436458404 30.631795881337624
104 18.154170767948703 28.89265373111954
105 19.032708811003687 30.048333546681615
106 18.46438898220404 29.533638380323325
107 17.98183215652223 30.678007918396293
108 17.906267228208506 29.622565164584127
109 17.746337699081923 29.26682769689112
110 18.23403848678409 29.84940864432421
111 17.091011888003184 28.623737718485735
112 17.69265151962389 28.624248772597095
113 18.537476310217386 29.223831878909603
114 18.120756310313922 29.908601205075378
115 16.785621732769236 29.162932508183104
116 18.576716705144033 29.964204047830368
117 17.64331708201302 30.14455011670797
118 18.833082594656045 30.667484854151674
119 19.427775509414623 30.130249854761953
120 19.1195571871783 29.763265110061162
121 18.80063900226873 30.491806683186716
122 18.422186534773477 30.560473689637032
123 18.2233134008897 29.669753243268126
124 18.508450110957313 28.960095589297204
125 18.633603144942228 29.595658634642728
126 17.48902942519138 29.0302121589721
127 18.249151384035148 29.767228924189922
128 19.02521467382766 29.323856735301923
129 17.867916746097354 29.069155269587633

<1, 4, 5, 6, 7, 8, 9, 10, 11, 12, 13, 14, 15, 16, 17, 18, 19, 20, 21, 22, 23, 24, 25, 26, 27, 28, 29, 30, 31, 32, 33, 34, 35, 36, 37, 38>
<2, 39, 40, 41, 42, 43, 44, 45, 46, 47, 48, 49, 50, 51, 52, 53, 54, 55, 56, 57, 58, 59, 60, 61, 62, 63, 64, 65, 66>
<3, 67, 68, 69, 70, 71, 72, 73, 74, 75, 76, 77, 78, 79, 80, 81, 82, 83, 84, 85, 86, 87, 88, 89, 90, 91, 92, 93, 94>
<4, 95, 96, 97, 98, 99, 100, 101>
<5, 102, 103, 104, 105, 106, 107, 108, 109, 110, 111, 112, 113, 114, 115, 116, 117, 118, 119, 120, 121, 122, 123, 124, 125, 126, 127, 128, 129>